fixed_points = [
8.200000389479101e-002 1.800000085495412e-002 0.000000000000000 
4.400000208988786e-002 4.600000218488276e-002 0.000000000000000 
9.600000455975533e-002 9.600000455975533e-002 0.000000000000000 
7.200000341981649e-002 4.500000213738531e-002 0.000000000000000 
2.700000128243119e-002 5.600000265985727e-002 0.000000000000000 
2.200000104494393e-002 6.700000318232924e-002 0.000000000000000 
3.800000180490315e-002 1.400000066496432e-002 0.000000000000000 
1.200000056996942e-002 4.200000199489296e-002 0.000000000000000 
7.200000341981649e-002 4.800000227987766e-002 0.000000000000000 
1.200000056996942e-002 9.000000427477062e-002 0.000000000000000 
3.800000180490315e-002 9.000000427477062e-002 0.000000000000000 
];

moving_points =[
8.200000389479101e-002 1.800000085495412e-002 0.000000000000000 
4.400000208988786e-002 4.600000218488276e-002 0.000000000000000 
9.600000455975533e-002 9.600000455975533e-002 0.000000000000000 
7.200000341981649e-002 4.500000213738531e-002 0.000000000000000 
2.700000128243119e-002 5.600000265985727e-002 0.000000000000000 
2.200000104494393e-002 6.700000318232924e-002 0.000000000000000 
3.800000180490315e-002 1.400000066496432e-002 0.000000000000000 
1.200000056996942e-002 4.200000199489296e-002 0.000000000000000 
7.200000341981649e-002 4.800000227987766e-002 0.000000000000000 
1.200000056996942e-002 9.000000427477062e-002 0.000000000000000 
3.800000180490315e-002 9.000000427477062e-002 0.000000000000000 
];

